0,
1,
2,
3,
4,
5,
0,
1,
2,
3,
4,
5,
0,
1,
2,
3,
4,
5,
0,
1,
2,
3,
4,
5,
0,
1,
2,
3,
4,
5,
0,
1,
2,
3,
4,
5,
0,
1,
2,
3,
4,
5,
0,
1,
2,
3,
4,
5,
0,
1,
2,
3,
4,
5,
0,
1,
2,
3,
4,
5,
0,
1,
2,
3,
4,
5,
0,
1,
2,
3,
4,
5,
0,
1,
2,
3,
4,
5,
0,
1,
2,
3,
4,
5,
0,
1,
2,
3,
4,
5,
0,
1,
2,
3,
4,
5,
0,
1,
2,
3,
4,
5,
0,
1,
2,
3,
4,
5,
0,
1,
2,
3,
4,
5,
0,
1,
2,
3,
4,
5,
0,
1,
2,
3,
4,
5,
0,
1,
2,
3,
4,
5,
0,
1,
2,
3,
4,
5,
0,
1,
2,
3,
4,
5,
0,
1,
2,
3,
4,
5,
0,
1,
2,
3,
4,
5,
0,
1,
2,
3,
4,
5,
0,
1,
2,
3,
4,
5,
0,
1,
2,
3,
4,
5,
0,
1,
2,
3,
4,
5,
0,
1,
2,
3,
4,
5,
0,
1,
2,
3,
4,
5,
0,
1,
2,
3,
4,
5,
0,
1,
2,
3,
4,
5,
0,
1,
2,
3,
4,
5,
0,a
1,k
2,k
3,k
4,k
5,k
0,
1,
2,
3,
4,
5,
0,
1,
2,
3,
4,
5,
0,
1,
2,
3,
4,
5,
0,
1,
2,
3,
4,
5,
0,
1,
2,
3,
4,
5,
0,
1,
2,
3,
4,
5,
0,
1,
2,
3,
4,
5,
0,
1,
2,
3,
4,
5,
0,a
1,zz
2,zz
3,
4,zzz
5,z
0,
1,
2,
3,
4,
5,
0,
1,
2,
3,
4,
5,
0,
1,
2,
3,
4,
5,
0,
1,
2,
3,
4,
5,
0,
1,
2,
3,
4,
5,
0,
1,
2,
3,
4,
5,
0,1
1,2
2,3
3,4
4,5
5,6
0,
1,
2,
3,
4,
5,
0,
1,
2,
3,
4,
5,
0,1
1,2
2,3
3,4
4,5
5,6
0,
1,
2,
3,
4,
5,
0,
1,
2,
3,
4,
5,
0,
1,
2,
3,
4,
5,
0,
1,
2,
3,
4,
5,
0,
1,
2,
3,
4,
5,
0,
1,
2,
3,
4,
5,
0,
1,
2,
3,
4,
5,
0,
1,
2,
3,
4,
5,
0,
1,
2,
3,
4,
5,
0,
1,
2,
3,
4,
5,
0,
1,
2,
3,
4,
5,
0,
1,
2,
3,
4,
5,
0,
1,
2,
3,
4,
5,
0,
1,
2,
3,
4,
5,
0,
1,
2,
3,
4,
5,
0,
1,
2,
3,
4,
5,
0,
1,
2,
3,
4,
5,
0,
1,
2,
3,
4,
5,
0,
1,
2,
3,
4,
5,
0,
1,
2,
3,
4,
5,
0,
1,
2,
3,
4,
5,
0,
1,
2,
3,
4,
5,
0,
1,
2,
3,
4,
5,
0,
1,
2,
3,
4,
5,
0,
1,
2,
3,
4,
5,
0,
1,
2,
3,
4,
5,
0,
1,
2,
3,
4,
5,
0,
1,
2,
3,
4,
5,
0,
1,
2,
3,
4,
5,
0,
1,
2,
3,
4,
5,
0,
1,
2,
3,
4,
5,
0,
1,
2,
3,
4,
5,
0,
1,
2,
3,
4,
5,
0,
1,
2,
3,
4,
5,
0,
1,
2,
3,
4,
5,
0,
1,
2,
3,
4,
5,
0,
1,
2,
3,
4,
5,
0,
1,
2,
3,
4,
5,
0,
1,
2,
3,
4,
5,
0,
1,
2,
3,
4,
5,
0,
1,
2,
3,
4,
5,
0,
1,
2,
3,
4,
5,
0,
1,
2,
3,
4,
5,
0,
1,
2,
3,
4,
5,
0,
1,
2,
3,
4,
5,
0,
1,
2,
3,
4,
5,
0,
1,
2,
3,
4,
5,
0,
1,
2,
3,
4,
5,
0,
1,
2,
3,
4,
5,
0,
1,
2,
3,
4,
5,
0,
1,
2,
3,
4,
5,
0,
1,
2,
3,
4,
5,
0,
1,
2,
3,
4,
5,
0,
1,
2,
3,
4,
5,
0,
1,
2,
3,
4,
5,
0,
1,
2,
3,
4,
5,
0,
1,
2,
3,
4,
5,
0,
1,
2,
3,
4,
5,
